h = figure(1);
hold on
iteration_0 = [3.026328836821774,0.925709753378257;
3.044236543872084,0.8650021046851988;
3.0609266056270683,0.8039484380503256;
3.0763923376364213,0.7425732024320733;
3.090627553874381,0.6809009466548478;
3.1036265600680397,0.6189563404014307;
3.1153841565626204,0.5567641607549371;
3.1258956409952643,0.49434928278578616;
3.135156809012471,0.4317366712825377;
3.143163955909088,0.36895137094100855;
3.1499138794277366,0.3060184948157496;
3.1554038791408647,0.2429632153257784;
3.1596317595843546,0.17981075382145228;
3.1625958293200287,0.11658637040650816;
3.164294902906494,0.053315354005632545;
3.1647283008141787,-0.009976987800276962;
3.1638958494036618,-0.07326533894777784;
3.1617978814590195,-0.13652438492615604;
3.1584352336604655,-0.19972882299762448;
3.1538092513755385,-0.2628533721802738;
3.1479217877138885,-0.32587278339734427;
3.1407752016268975,-0.3887618496024371;
3.132372345108327,-0.45149541596494325;
3.1227165781247113,-0.5140483898947809;
3.111811765591286,-0.5763957511711775;
3.0996622748284195,-0.6385125619963785;
3.086272960003099,-0.7003739759843767;
3.071649173677117,-0.7619552491452916;
3.05579676732278,-0.8232317500575139;
3.038722087142093,-0.8841789696841754;
3.020431960122072,-0.944772529440496;
3.0009336970869867,-1.0049881918927748;
2.980235098656568,-1.064801871907318;
2.9583444486677135,-1.1241896458583285;
2.9352705038165374,-1.1831277595055831;
2.911022486477616,-1.2415926366464807;
2.885610096561442,-1.2995608924082265;
2.859043502551656,-1.3570093414655575;
2.8313333339295057,-1.4139150061689;
2.802490666932975,-1.4702551224406828;
2.7725270383291454,-1.5260071550338865;
2.741454436281591,-1.5811488051355775;
2.7092852939603236,-1.6356580186709582;
2.6760324719862796,-1.6895129897450245;
2.6417092698285707,-1.742692176556368;
2.606329418736806,-1.7951743093567398;
2.5699070751349646,-1.8469383985314425;
2.5324568027776073,-1.8979637365226463;
2.4939935785492886,-1.9482299123874238;
2.454532789043425,-1.9977168214284038;
2.414090221577218,-2.0464046717161866;
2.3726820536616726,-2.094273989309463;
2.3303248410021316,-2.141305622523156;
2.287035527751069,-2.187480760612227;
2.2428314330199406,-2.2327809370754017;
2.1977302386066753,-2.277188032854725;
2.1517499788659014,-2.320684281231433;
2.104909045929976,-2.36325228473496;
2.0572261772399827,-2.4048750182568814;
2.0087204480339995,-2.445535836059601;
1.9594112620554849,-2.4852184761397047;
1.9093183416999167,-2.5239070639331023;
1.8584617232760203,-2.56158612443269;
1.8068617466661616,-2.598240585595361;
1.7545390461556194,-2.6338557838563323;
1.7015145468179984,-2.668417472058382;
1.6478094655861375,-2.70191182935824;
1.5934452841738171,-2.734325458566232;
1.5384437467575962,-2.7656453943549932;
1.4828268513284304,-2.7958591085659936;
1.4266168422654943,-2.8249545155594595;
1.3698362058457767,-2.852919978081919;
1.312507653819166,-2.8797443103419305;
1.2546541165318108,-2.9054167830750752;
1.1962987338692876,-2.9299271279880057;
1.1374648464324857,-2.953265541645809;
1.0781759883817388,-2.9754226882535115;
1.018455874712436,-2.9963897051421005;
0.9583283925493453,-3.016158205911096;
0.8978175916438045,-3.0347202837633587;
0.8369476749512585,-3.05206851453331;
0.7757429907035567,-3.0681959585396785;
0.7142280202040607,-3.083096164883952;
0.6524273684252802,-3.0967631737528967;
0.5903657542043584,-3.1091915187356736;
0.5280680005011039,-3.120376228960671;
0.465559026810901,-3.130312830277527;
0.40286383628012107,-3.138997348048015;
0.3400075059965861,-3.1464263086311757;
0.27701517713530943,-3.1525967407047197;
0.21391204480082032,-3.1575061764801067;
0.15072334980968838,-3.1611526521029023;
0.08747436825332641,-3.1635347085645242;
0.02419039775415142,-3.1646513934475133;
-0.01955199278928235,-3.1646834489248175;
-0.051197322243254045,-3.164329699395713;
-0.08283753200800932,-3.1636595195395936;
-0.11446945811206716,-3.1626729763664017;
-0.14608993771804013,-3.1613701685073234;
-0.17769580889780673,-3.1597512262278693;
-0.20928391092408688,-3.157816311421593;
-0.24085108467500257,-3.155565617598278;
-0.2723941729619229,-3.152999369876683;
-0.3039100214226762,-3.150117824836399;
-0.33539547881330206,-3.146921270519591;
-0.3668473966586122,-3.1434100265925218;
-0.39826262996847517,-3.1395844442415;
-0.42963803758968466,-3.1354449061596408;
-0.4609704822827553,-3.130991826399172;
-0.4922568302611813,-3.1262256499609955;
-0.5234939528619861,-3.121146853426033;
-0.5546787264449494,-3.1157559447207435;
-0.5858080326512987,-3.110053463058341;
-0.6168787587088918,-3.104039978880284;
-0.6478877974497687,-3.097716093280829;
-0.6788320479233666,-3.091082438502107;
-0.7097084157365638,-3.084139677938262;
-0.7405138132960729,-3.076888505964083;
-0.771245160121743,-3.0693296478910903;
-0.8018993830959878,-3.061463859558616;
-0.8324734167690997,-3.053291927244224;
-0.8629642037651186,-3.0448146681486823;
-0.8933686950451879,-3.036032930066643;
-0.923683850217827,-3.026947591325389;
-0.9539066378093326,-3.0175595605398433;
-0.9840340355194536,-3.007869776299682;
-1.0140630305992955,-2.9978792074200227;
-1.0439906201918074,-2.987588853019594;
-1.0738138115985,-2.9769997422587617;
-1.1035296225741618,-2.966112934223553;
-1.1331350813553782,-2.954929516913138;
-1.1626272272986002,-2.9434506082775105;
-1.192003111196847,-2.931677356172992;
-1.2212597954941526,-2.919610937972831;
-1.2503943545861071,-2.9072525604666555;
-1.2794038751195314,-2.894603459756179;
-1.308285456291285,-2.88166490114716;
-1.33703621014621,-2.868438179037613;
-1.365653261874209,-2.8549246168022764;
-1.394133749994758,-2.8411255663946724;
-1.4224748259850564,-2.8270424065596007;
-1.450673655651181,-2.8126765453923808;
-1.4787274191411464,-2.798029419508416;
-1.506633311111149,-2.7831024935933404;
-1.5343885410062215,-2.767897260236981;
-1.5619903333395213,-2.7524152397623385;
-1.5894359279702568,-2.7366579800495776;
-1.616722580380248,-2.7206270563550254;
-1.643847561949126,-2.704324071125185;
-1.6708081602060385,-2.6877506544710625;
-1.6976016790597896,-2.6709084652450454;
-1.7242254391707252,-2.653799187809817;
-1.7506767781787742,-2.6364245330863105;
-1.7769530509668208,-2.6187862384933567;
-1.803051629926665,-2.6008860677635024;
-1.8289699052235755,-2.5827258107552398;
-1.8547052850594294,-2.5643072832616363;
-1.880255195934445,-2.5456323268153724;
-1.9056170829075019,-2.5267028084901857;
-1.930788409775111,-2.507520621352173;
-1.9557666593186593,-2.488087684337878;
-1.9805493337205449,-2.468405940736758;
-2.0051339547301663,-2.4484773587032116;
-2.02951806391415,-2.4283039310649417;
-2.0536992229060136,-2.4078876751207963;
-2.077675013654325,-2.387230632435803;
-2.101443038669353,-2.366334868633386;
-2.125000921268214,-2.345202473184774;
-2.1483463058157155,-2.3238355591978643;
-2.171476857621701,-2.3022362634804314;
-2.1943902634579087,-2.2804067460972344;
-2.217084231993933,-2.258349189988641;
-2.239556493851382,-2.23606580089466;
-2.2618048018339034,-2.2135588071324013;
-2.2838269311554322,-2.190830459370952;
-2.3056206796666547,-2.1678830304036594;
-2.3271838680796977,-2.1447188149178213;
-2.348514340191032,-2.1213401292617915;
-2.3696099630791796,-2.0977493112241032;
-2.3904686269694033,-2.0739487200166646;
-2.411088245903535,-2.0499407357519206;
-2.4314667579306306,-2.0257277592152736;
-2.4516021252183906,-2.001312211683236;
-2.4714923342598363,-1.9766965346784588;
-2.4911353960779556,-1.9518831897223181;
-2.510529346428321,-1.9268746580850697;
-2.5296722459996803,-1.901673440533568;
-2.5485621806125187,-1.876282057076547;
-2.567197261354675,-1.85070304676785;
-2.585575624487347,-1.8249389677327996;
-2.603695432135147,-1.7989923964129815;
-2.6215548723276623,-1.7728659274493626;
-2.6391521591388774,-1.746562173463968;
-2.656485532868467,-1.720083764795602;
-2.6735532602208414,-1.6934333492333615;
-2.6903536344819337,-1.6666135917479328;
-2.706884975693738,-1.639627174220678;
-2.723145630826591,-1.6124767951705103;
-2.739133973800166,-1.5851651696489637;
