h = figure(1);
hold on
iteration_0 = [-0.599999,0.0;
-0.599999,-0.0005405142256278495;
-0.6005395142256278,-0.0011051744548585313;
-0.6016446886804864,-0.0016901937683691769;
-0.6033348824488556,-0.0022912755414932423;
-0.6056261579903488,-0.002903667373790303;
-0.6085298253641391,-0.0035222315949959226;
-0.612052056959135,-0.0041415294061346985;
-0.6161935863652697,-0.004755914867336102;
-0.6209495012326057,-0.005359634520283302;
-0.626309135752889,-0.005946928447324751;
-0.6322560642002137,-0.00651212895483239;
-0.6387681931550462,-0.007049753704536984;
-0.6458179468595832,-0.0075545908639127555;
-0.6533725377234959,-0.008021774581087266;
-0.6613943123045831,-0.00844684972463804;
-0.6698411620292212,-0.008825825322489574;
-0.6786669873517107,-0.009155216485418519;
-0.6878222038371292,-0.009432074835376862;
-0.6972542786725061,-0.009654007615938829;
-0.7069082862884449,-0.009819185781220595;
-0.7167274720696655,-0.009926341472281476;
-0.7266538135419469,-0.00997475541591291;
-0.7366285689578598,-0.009964234926828259;
-0.7465928038846881,-0.009895083356727319;
-0.7564878872414154,-0.009768062000983698;
-0.766255949242399,-0.009584345630123395;
-0.7758402948725225,-0.009345472942377206;
-0.7851857678148997,-0.009053293320893583;
-0.7942390611357932,-0.00870991131405102;
-0.8029489724498442,-0.008317630233974225;
-0.8112666026838184,-0.007878896186227852;
-0.8191454988700463,-0.007396243706786206;
-0.8265417425768324,-0.006872243998493037;
-0.8334139865753255,-0.0063094565384774984;
-0.839723443113803,-0.005710384581557183;
-0.8454338276953601,-0.005077434823442724;
-0.8505112625188028,-0.004412881221097802;
-0.8549241437399007,-0.003718832703267109;
-0.8586429764431678,-0.0029972042466809624;
-0.8616401806898487,-0.002249690544723842;
-0.8638898712345725,-0.0014777412548059345;
-0.8653676124893784,-0.000682536575728887;
-0.8660501490651074,0.00013503832648947573;
-0.8659151107386179,0.0009744217591975681;
-0.8649406889794203,0.001835408757624317;
-0.863105280221796,0.0027181913227865614;
-0.8603870888990094,0.003623407995657348;
-0.8567636809033521,0.004552205204104185;
-0.8522114756992479,0.005506312680817999;
-0.8467051630184299,0.006488134659627232;
-0.8402170283588026,0.0075008570953647505;
-0.8327161712634379,0.008548568083960461;
-0.8241676031794775,0.009636382746306115;
-0.8145312204331714,0.010770553111186621;
-0.8037606673219848,0.011958525140751299;
-0.7918021421812335,0.013208875603084123;
-0.7785932665781493,0.01453101894001638;
-0.7640622476381329,0.01593452317614804;
-0.7481277244619848,0.01742783666123355;
-0.7306998878007512,0.019016259719311167;
-0.71168362808144,0.020699188294149296;
-0.6909844397872907,0.022467080190337774;
-0.6685173595969529,0.0242991421029519;
-0.644218217494001,0.02616298734883888;
-0.6180552301451621,0.02801696640195265;
-0.5900382637432094,0.029814617602722394;
-0.560223646140487,0.03150966639355854;
-0.5287139797469285,0.0330600606492918;
-0.4956539190976367,0.03443042228291895;
-0.46122349681471775,0.03559313796705251;
-0.42563035884766526,0.03652862166358182;
-0.3891017371840834,0.03722518065141265;
-0.35187655653267075,0.037678700329446625;
-0.3141978562032241,0.03789220225474195;
-0.27630565394848217,0.03787525853393967;
-0.2384303954145425,0.037643238630702236;
-0.20078715678384026,0.037216389110820584;
-0.16357076767301967,0.03661877903273736;
-0.12695198864028232,0.03587716980967395;
-0.09107481883060836,0.035019882109976384;
-0.05605493672063198,0.03407573257368185;
-0.021979204146950128,0.03307310200533071;
0.01109389785838058,0.032039178258885054;
0.043133076117265634,0.030999395719975332;
0.07413247183724096,0.02997707299746159;
0.10410954483470256,0.028993233865064152;
0.13310277869976672,0.02806658500371481;
0.16116936370348153,0.027213617869622512;
0.18838298157310404,0.026448800409730907;
0.21483178198283495,0.025784826283294565;
0.24061660826612952,0.025232893526812343;
0.26584950179294187,0.024802990121079643;
0.29065249191402154,0.024504169796097354;
0.3151566617101189,0.024344806990038985;
0.3395014687001579,0.02433282471388717;
0.36383429341404505,0.024475892858181907;
0.38831018627222696,0.024781596987065415;
0.41309178325929236,0.025257578707916253;
0.4383493619672086,0.02591164811878453;
];
predicted_state_0 =  [-0.8029489724498442,-0.008317630233974225];
initial_state_0 =  [-0.599999,0.0];
