h = figure(1);
hold on
iteration_0 = [0.07469548504708945,1e-06;
0.06969548504708944,0.005001;
0.06479391336040527,0.009902571686684174;
0.059990769987036924,0.01470571506005252;
0.05528605492698441,0.01941043012010504;
0.05067976818024771,0.02401671686684173;
0.04617190974682685,0.028524575300262596;
0.04176247962672181,0.03293400542036763;
0.0374514778199326,0.037245007227156846;
0.033238904326459214,0.04145758072063023;
0.02912475914630166,0.045571725900787785;
0.02510904227945993,0.04958744276762952;
0.021191753725934025,0.05350473132115542;
0.01737289348572395,0.057323591561365496;
0.013652461558829702,0.06104402348825974;
0.01003045794525128,0.06466602710183816;
0.006506882644988684,0.06818960240210076;
0.0030817356580419165,0.07161474938904752;
-0.00024498301558902426,0.07494146806267846;
-0.003473273375904138,0.07816975842299358;
-0.0066031354229034245,0.08129962046999287;
-0.009634569156586885,0.08433105420367633;
-0.012567574576954517,0.08726405962404396;
-0.015402151684006323,0.09009863673109576;
-0.0181383004777423,0.09283478552483174;
-0.02077602095816245,0.0954725060052519;
-0.023315313125266777,0.09801179817235622;
-0.025756176979055273,0.10045266202614472;
-0.028098612519527943,0.1027950975666174;
-0.030342619746684788,0.10503910479377424;
-0.032488198660525804,0.10718468370761525;
-0.03453534926105099,0.10923183430814044;
-0.036484071548260354,0.11118055659534981;
-0.03833436552215389,0.11303085056924335;
-0.0400862311827316,0.11478271622982106;
-0.04173966852999348,0.11643615357708294;
-0.04329467756393954,0.11799116261102899;
-0.044751258284569766,0.11944774333165921;
-0.046109410691884165,0.12080589573897361;
-0.04736913478588274,0.12206561983297219;
-0.04853043056656549,0.12322691561365494;
-0.049593298033932406,0.12428978308102186;
-0.0505577371879835,0.12525422223507296;
-0.05142374802871877,0.12612023307580822;
-0.052191330556138206,0.11688781560322765;
-0.05286048477024182,0.10755696981733126;
-0.05343121067102961,0.09812769571811905;
-0.05390350825850156,0.08859999330559101;
-0.05427737753265769,0.07897386257974714;
-0.054552818493497995,0.06924930354058745;
-0.05472983114102247,0.05942631618811192;
-0.05480841547523112,0.049504900522320566;
-0.05478857149612394,0.03948505654321339;
-0.05467029920370094,0.02936678425079038;
-0.0544535985979621,0.019150083645051552;
-0.054138469678907446,0.008834954725996895;
-0.05372491244653696,-0.0015786025063735908;
-0.053212926900850645,-0.012090588052059904;
-0.05260251304184851,-0.022701001911062044;
-0.05189367086953054,-0.033409844083380005;
-0.051086400383896745,-0.044217114569013796;
-0.05018070158494713,-0.055122813367963416;
-0.04917657447268168,-0.06612694048022887;
-0.0480740190471004,-0.07722949590581014;
-0.046873035308203304,-0.08843047964470724;
-0.045573623255990375,-0.09972989169692018;
-0.04417578289046162,-0.11112773206244893;
-0.04267951421161704,-0.12262400074129351;
-0.031084817219456627,-0.1342186977334539;
-0.019391691913980387,-0.14591182303893013;
-0.007600138295188323,-0.1577033766577222;
0.004289843636919567,-0.16959335858983007;
0.016278253882343285,-0.1815817688352538;
0.02836509244108283,-0.19366860739399333;
0.040550359313138204,-0.2058538742660487;
0.052834054498509406,-0.2181375694514199;
0.06521617799719644,-0.23051969295010694;
0.07769672980919928,-0.2430002447621098;
0.09027570993451796,-0.25557922488742846;
0.10295311837315246,-0.268256633326063;
0.1157289551251028,-0.2810324700780133;
0.12860322019036896,-0.28390673514327947;
0.14157591356895094,-0.28687942852186143;
0.15464703526084875,-0.28995055021375926;
0.16781658526606238,-0.2931201002189729;
0.18108456358459185,-0.2963880785375024;
0.19445097021643715,-0.29975448516934766;
0.20791580516159827,-0.3032193201145088;
0.22147906842007523,-0.30678258337298575;
0.235140759991868,-0.31044427494477855;
0.24890087987697662,-0.31420439482988716;
0.26275942807540104,-0.31806294302831156;
0.2767164045871413,-0.3220199195400518;
0.2907718094121974,-0.3260753243651079;
0.3049256425505693,-0.3302291575034798;
0.31917790400225704,-0.33448141895516753;
0.33352859376726063,-0.3388321087201711;
0.34797771184558,-0.3432812267984905;
0.36252525823721526,-0.34782877319012573;
0.3771712329421663,-0.35247474789507677;
0.39191563596043316,-0.35721915091334366;
0.40675846729201587,-0.36206198224492636;
0.4216997269369144,-0.3670032418898249;
0.43273941489512874,-0.3780429298480393;
0.4438775311666589,-0.38918104611956944;
0.4551140757515049,-0.40041759070441546;
0.46644904864966674,-0.4117525636025773;
0.4778824498611444,-0.42318596481405496;
0.4894142793859379,-0.43471779433884844;
0.5010445372240472,-0.4463480521769578;
0.5127732233754723,-0.4580767383283829;
0.5246003378402132,-0.46990385279312386;
0.53652588061827,-0.48182939557118065;
0.5485498517096427,-0.49385336666255325;
0.560672251114331,-0.5059757660672417;
0.5728930788323353,-0.518196593785246;
0.5852123348636554,-0.5305158498165661;
0.5976300192082914,-0.542933534161202;
0.6101461318662431,-0.5554496468191538;
0.6227606728375107,-0.5680641877904213;
];
predicted_state_0 =  [0.14157591356895094,-0.28687942852186143];
initial_state_0 =  [0.07469548504708945,1e-06];
