h = figure(1);
hold on
iteration_0 = [2.8340660342039468,1.2315258851421014;
2.413795240112408,1.3622317247284454;
2.1078531239533524,1.4691044318354909;
1.8707716570950756,1.5578941423723307;
1.6788117532767208,1.6322733131392078;
1.5182308089535301,1.6947640349979998;
1.3804611187595852,1.7471917968531412;
1.2598536008058185,1.790931661269356;
1.1525165253587473,1.827052396957445;
1.05567224813584,1.8564060048008462;
0.9672795912743753,1.8796859953245437;
0.8858013841200669,1.8974668148128848;
0.8100555293312651,1.9102313941311513;
0.7391164085033618,1.91839092174774;
0.6722477023604757,1.9222993727221591;
0.6088554314206582,1.9222644102025146;
0.5484544520285334,1.9185557037237744;
0.49064406815228484,1.911411383270998;
0.43508997709283737,1.901043116760572;
0.38151071808274833,1.8876401531432923;
0.3296673220211337,1.8713725860412502;
0.27935534643042875,1.8523940089662385;
0.23039866195055445,1.8308437002570699;
0.18264455555622305,1.8068484373050095;
0.1359598460388427,1.7805240135418885;
0.09022776341682895,1.7519765214021767;
0.04534543504168939,1.721303441391128;
0.0012218458132670935,1.688594575148253;
-0.04222382775868678,1.6539328506539452;
-0.0850635830994735,1.617395021685019;
-0.12736171609836378,1.5790522801961757;
-0.169175744646259,1.5389707945493905;
-0.2105571742035105,1.4972121886261986;
-0.25155213057386794,1.4538339701031135;
-0.2922018773622691,1.4088899145454026;
-0.3325432441926917,1.3624304160337861;
-0.37260897275122984,1.314502806194208;
-0.41242799745570163,1.2651516490696528;
-0.45202566896008706,1.214419015206073;
-0.4914239299689255,1.1623447390560986;
-0.5306414451279783,1.1089666604713961;
-0.5696936966802174,1.0543208556633634;
-0.608593053895151,0.9984418608704447;
-0.6473488120527814,0.9413628858706051;
-0.6859672051246041,0.8831160203176458;
-0.7244514137497678,0.8237324409057077;
-0.7628015441194685,0.7632426083239191;
-0.8010146092690805,0.7016764664171313;
-0.8390844985621039,0.6390636363578692;
-0.8770019434825916,0.5754336095445423;
-0.9147544935041426,0.5108159389777908;
-0.9523264873311884,0.4452404273893723;
-0.989699043478959,0.37873731372322017;
-1.0268500454458673,0.311337456400409;
-1.0637541861855115,0.24307251066596067;
-1.1003829970324241,0.17397510610638708;
-1.1367049035626264,0.1040790065580584;
-1.1726853382432503,0.033419274738961974;
-1.2082868557750779,-0.03796758214807643;
-1.2434693014296243,-0.11004347277741633;
-1.2781900100382826,-0.18276859867875128;
-1.3124040406926725,-0.25610134719378447;
-1.3460644549175684,-0.3299981978293917;
-1.379122618239381,-0.40441365214474717;
-1.4115285576445238,-0.47930018123532503;
-1.443231317938131,-0.5546081976610866;
-1.4741793838323138,-0.630286050971303;
-1.504321080043137,-0.7062800448541741;
-1.5336050259251417,-0.7825344850315061;
-1.5619805653715781,-0.8589917458327511;
-1.5893982124512334,-0.9355923668238857;
-1.6158100813517309,-1.0122751696302508;
-1.641170315887901,-1.0889774037129563;
-1.665435454820353,-1.1656349035196774;
-1.688564815267404,-1.2421822762942736;
-1.7105207839003884,-1.3185530945164223;
-1.7312691127521502,-1.394680113594109;
-1.7507791195761198,-1.4704954889491402;
-1.7690238710464092,-1.5459310093155958;
-1.7859802856027547,-1.62091832822503;
-1.8016291952602215,-1.6953891968486916;
-1.8159553443763439,-1.769275697720127;
-1.8289473423291651,-1.842510460915014;
-1.8405975567493624,-1.9150268997610969;
-1.850901980002243,-1.986759391693582;
-1.8598600283780597,-2.057643480232088;
-1.8674743360771275,-2.1276160495536236;
-1.8737505073939258,-2.1966154754931706;
-1.8786968307956742,-2.264581775764494;
-1.8823240289443368,-2.331456713231207;
-1.8846449110612113,-2.3971839125603527;
-1.8856741352327495,-2.46170892619843;
-1.8854278408601537,-2.524979304786808;
-1.8839234155039208,-2.586944633671958;
-1.8811791519232037,-2.6475565568596915;
-1.8772140128443908,-2.706768786090308;
-1.8720473389878687,-2.764537085932896;
-1.8656986160330329,-2.8208192537131143;
-1.8581872399995578,-2.875575077019994;
-1.84953229934697,-2.928766283481806;
-1.8397523905914186,-2.9803564809987857;
-1.8288654304075669,-3.030311079068509;
-1.8168885094723821,-3.0785972186036497;
-1.8038377453951282,-3.1251836723466155;
-1.7897281650768588,-3.1700407666993877;
-1.7745736007851483,-3.213140256849399;
-1.758386600078234,-3.2544552482916056;
-1.741178355593621,-3.2939600943309095;
-1.7229586554773482,-3.3316302616994173;
-1.703735827338802,-3.367442257466577;
-1.6835167241858597,-3.401373497287501;
-1.6623067121653883,-3.433402200240265;
-1.640109662465409,-3.463507307027868;
-1.6169279812433115,-3.491668346443001;
-1.5927626379644055,-3.517865359543427;
-1.5676132131230356,-3.5420788015393234;
-1.5414779645148284,-3.5642894383594763;
-1.5143539246859532,-3.584478290844164;
-1.486236989985358,-3.602626535911477;
-1.4571220578340793,-3.618715446423407;
-1.4270032005090898,-3.63272635083618;
-1.3958738035219351,-3.644640556355286;
-1.3637268318865976,-3.6544393468437937;
-1.3305550531228654,-3.662103950545866;
-1.2963512933839814,-3.6676155210440435;
-1.261108842348071,-3.6709551918529666;
-1.2248217791882925,-3.6721040877120092;
-1.1874854078116468,-3.671043391707162;
-1.1490967139908925,-3.6677544177941237;
-1.1096549300892293,-3.662218743015943;
-1.069162117079442,-3.654418343464329;
-1.027623803273769,-3.644335772705461;
-0.9850497028384758,-3.6319543843319066;
-0.9414544605726088,-3.617258572600343;
-0.8968584681087537,-3.600234090120225;
-0.8512887127650108,-3.5808683609444465;
-0.8047796098869122,-3.559150892220715;
-0.7573739544183866,-3.5350736773991285;
-0.7091236763881502,-3.508631684256978;
-0.6600906987983364,-3.4798233638220033;
-0.6103476825700758,-3.448651184732797;
-0.5599786333703134,-3.415122218932555;
-0.5090793479928118,-3.379248745183037;
-0.45775766876161456,-3.3410488438140398;
-0.4061334776781886,-3.3005469987927527;
-0.35433845454194735,-3.257774691064591;
-0.30251542980578205,-3.2127709327942298;
-0.2508174396215526,-3.1655827594587125;
-0.19940639377672031,-3.1162656394014254;
-0.14845137134551464,-3.0648837808533167;
-0.09812658225272926,-3.011510329688134;
-0.04860900165317483,-2.9562274288801835;
-7.577246057528797e-05,-2.899126123493063;
0.04729856510728464,-2.8403061159748573;
0.09334493688089708,-2.779875355229689;
0.1379025537180585,-2.717949461644291;
0.18082156751265607,-2.6546510044302307;
0.22196553240563693,-2.5901086398722106;
0.2612135192041305,-2.524456129770959;
0.2984617785888778,-2.457831264826651;
0.3336249752080751,-2.3903747271346814;
0.3666368982412429,-2.322228914728209;
0.3974506790214976,-2.2535367626340155;
0.42603852440142825,-2.1844405896871897;
0.45239101891993005,-2.1150810016169186;
0.4765159879157227,-2.0455958340547045;
0.4984371890008354,-1.976119274525971;
0.5181926378791393,-1.906781002789496;
0.535832823720613,-1.8377054799492858;
0.5514188969586661,-1.7690113876389486;
0.5650207945751553,-1.7008111502119685;
0.5767154286448856,-1.6332105943064992;
0.5865849729666535,-1.5663087178579065;
0.5947152830262579,-1.5001975599315396;
0.601194458183445,-1.434962162726443;
0.6061115731801973,-1.3706806163861278;
0.6095555839557231,-1.3074241727107758;
0.6116144008406109,-1.245257414186102;
0.612374121140782,-1.1842384728443176;
0.6119184120113642,-1.1244192812469709;
0.6103280474699615,-1.0658458675782552;
0.6076805312277943,-1.0085586377850417;
0.6040498744640788,-0.9525927028521416;
0.599506406673939,-0.8979781827582812;
0.5941167364975113,-0.8447405435697247;
0.5879436935658671,-0.7929008940164739;
0.5810464033732434,-0.7424763098556428;
0.5734803361772959,-0.6934801216615777;
0.5652974320704091,-0.6459222086806398;
0.5565462292002759,-0.59980927087294;
0.5472720072021092,-0.5551450894287105;
0.5375169596727493,-0.511930774645187;
0.5273203447896377,-0.4701649957049461;
0.516718670815498,-0.4298441995942506;
0.505745850129648,-0.39096281265676314;
0.49443337641341784,-0.35351343019118897;
0.4828104790255005,-0.31748699141333714;
0.4709042811533796,-0.2828729426300275;
