h = figure(1);
hold on
iteration_0 = [-0.4075284452867629,-0.8549732407448103;
-0.402988256037676,-0.8626746412062194;
-0.39831281217131115,-0.8708124169595853;
-0.39349630938530106,-0.8793960495403073;
-0.3885328191843406,-0.8884320245445154;
-0.3834162994226537,-0.8979230364727268;
-0.3781406438566762,-0.9078672308006689;
-0.3726997310117149,-0.9182572944354975;
-0.36708748245360495,-0.9290795854958229;
-0.36129792592425414,-0.9403133787987121;
-0.35532528527353696,-0.9519299642793438;
-0.3491640501039165,-0.9638924188309246;
-0.3428090700164876,-0.9761552306930467;
-0.33625564285972026,-0.988664502991489;
-0.3294996005588951,-1.0013585271086667;
-0.32253738849090724,-1.0141688119418089;
-0.31536613200884206,-1.0270215693175504;
-0.3079836884882398,-1.0398395428042944;
-0.3003886827576207,-1.0525440256601488;
-0.2925805079147073,-1.06505750832137;
-0.2845593182203476,-1.0773054912141016;
-0.2763259940473854,-1.0892186737927616;
-0.2678820872901698,-1.1007347317040737;
-0.25922975131083154,-1.111799594632827;
-0.2503716592251917,-1.1223682721775623;
-0.24131091670026886,-1.132405341673859;
-0.23205096829458483,-1.1418847605087648;
-0.22259550677549936,-1.150789531977434;
-0.21294839377625036,-1.1591111173612205;
-0.2031135748229218,-1.1668485596038594;
-0.19309501048716662,-1.174007577566509;
-0.18289661441912902,-1.1805996299963166;
-0.17252219940682664,-1.186641001086742;
-0.16197543218743254,-1.1921519569191215;
-0.151259795956652,-1.197155974743766;
-0.14037855973723945,-1.2016790731082643;
-0.12933475345963777,-1.2057492337864957;
-0.11813114857890718,-1.2093959091781794;
-0.10677024323888659,-1.2126496073213202;
-0.09525424975646336,-1.2155415496457604;
-0.0835850866748914,-1.2181033676934176;
-0.07176437309921854,-1.220366864313145;
-0.05979342450674949,-1.2223637755377925;
-0.04767325215931768,-1.2241255978493;
-0.03540456262387197,-1.22568338060522;
-0.022987760677177144,-1.2270675739734536;
-0.010422952732516219,-1.228307842869859;
0.002290047071414874,-1.2294329022102017;
0.015151709686573585,-1.2304703384206834;
0.02816278131436014,-1.231446421239986;
0.04132427279036861,-1.2323859412672893;
0.0546374443902799,-1.2333119715412426;
0.06810379468203523,-1.234245700406875;
0.0817250366325151,-1.2352061982827682;
0.09550308322817858,-1.236210217051715;
0.10944002114137041,-1.237271975261767;
0.12353808694326514,-1.2384029368956597;
0.137799642128587,-1.2396116193758304;
0.15222713851861017,-1.2409033854776208;
0.1668230946585533,-1.24228026435472;
0.18159005173006357,-1.2437408185572398;
0.19653055064359154,-1.245279947913757;
0.2116470821559069,-1.2468889007479222;
0.2269420566028102,-1.2485551472535503;
0.2424177652531175,-1.2502623825932502;
0.25807633958137893,-1.251990612209379;
0.2739197126004435,-1.2537162304400784;
0.28994958309815094,-1.25541227619353;
0.3061673786386063,-1.2570485930536994;
0.32257422518297835,-1.2585923118894031;
0.33917091733158067,-1.260008195846746;
0.35595789345858075,-1.2612591665064279;
0.3729352171743636,-1.2623069592477587;
0.3901025655155023,-1.2631128165829493;
0.40745922315348426,-1.26363827172037;
0.42500408556778824,-1.2638460255403525;
0.4427356731304077,-1.2637009038836802;
0.4606521524083416,-1.2631708342278958;
0.4787513666611336,-1.2622278797450524;
0.49703088420308766,-1.2608492846009107;
0.5154880524041717,-1.2590185302792278;
0.53412005800966,-1.2567262249410585;
0.5529240061154077,-1.2539710550879197;
0.5718970030369345,-1.2507605630248304;
0.5910362484506767,-1.2471117577364952;
0.6103391352469076,-1.243051637390992;
0.6298033523025515,-1.2386174392405918;
0.6494269915981915,-1.2338567807129845;
0.6692086568186474,-1.2288275620630822;
0.6891475688086566,-1.2235976932650947;
0.7092436729979672,-1.218244637882583;
0.7294977368224909,-1.2128547772351195;
0.749911445505203,-1.207522592348313;
0.7704874872921752,-1.2023496670108846;
0.7912296263477099,-1.1974434685017072;
0.8121427763380032,-1.1929159672206109;
0.8332330350456666,-1.188881847623702;
0.8545077174157195,-1.1854565351103261;
0.8759753691054434,-1.1827537927831098;
0.8976457467219061,-1.1808829663499412;
0.9195297659170657,-1.1799457118937717;
0.9416394197591367,-1.180032409696896;
0.9639876602967969,-1.1812181475206105;
0.9865882261228481,-1.1835585046133041;
1.00945544067599,-1.1870851235987807;
1.03260394629167,-1.1918017330978783;
1.0560484176085396,-1.1976801801137007;
1.079803220787416,-1.204657522044467;
1.1038820493461123,-1.2126340639809785;
1.1282975449148234,-1.2214726598176089;
1.1530609130993574,-1.230999534996049;
1.1781815506694262,-1.241006526861346;
1.2036666987685216,-1.2512547235436466;
1.2295211370603585,-1.261479300842595;
1.255746921395275,-1.2713954481109353;
1.282343197933305,-1.2807049386420064;
1.3093060712589681,-1.28910377220097;
1.3366285542291458,-1.2962907387167983;
1.364300618709721,-1.3019769928655256;
1.392309339129676,-1.305897094915503;
1.4206391605801374,-1.3078212595050829;
1.4492722961996183,-1.307568515210834;
1.4781892621401138,-1.3050199770033486;
1.5073695478291695,-1.300131001237506;
1.5367923998826754,-1.2929404907225015;
1.5664376914014615,-1.283576309512426;
1.596286826969146,-1.2722553572764312;
1.6263236314253606,-1.2592783975516542;
1.656535171170192,-1.2450201303073225;
1.6869124657723438,-1.2299163536400493;
1.7174510723599887,-1.2144499480049393;
1.7481515348067318,-1.199137081580877;
1.7790197033550064,-1.1845145171659128;
1.8100669348759073,-1.1711276104535124;
1.841310173026062,-1.159517981064411;
1.8727718963160653,-1.150208544865217;
1.9044798951159487,-1.1436851943291069;
1.9364668397482536,-1.1403728612388913;
1.968769574114945,-1.1406065000489851;
2.0014280895445378,-1.1445978019980312;
2.0344841433156198,-1.152400663573133;
2.067979528874861,-1.1638800718023168;
2.1019540610811984,-1.1786907165552294;
2.1364433970656824,-1.1962712350114193;
2.1714768786100485,-1.215858861366675;
2.2070756037424535,-1.2365242398693324;
2.243250912342642,-1.257221668394231;
2.2800034044921462,-1.276846319634233;
2.3173225276318354,-1.294292031316515;
2.3551867318328994,-1.308506812723242;
2.3935641826935203,-1.3185489167509716;
2.4324140658782087,-1.3236478466728683;
2.471688552367896,-1.3232717986843658;
2.5113354713809977,-1.3171952755013154;
2.551301634820366,-1.3055532371223413;
2.591536599355685,-1.2888644303363397;
2.631996489420278,-1.268011459987879;
2.672647438507184,-1.2441788734802808;
2.713468294431476,-1.2187643811422204;
2.7544524203033416,-1.193286883855151;
2.7956086489775127,-1.1693076394445354;
2.8369615371921313,-1.1483670352426065;
2.8785510201972566,-1.1319253807188223;
2.920431418443536,-1.121291090796589;
2.962669593640139,-1.1175240009643361;
3.0053419789375018,-1.1213124137353812;
3.048530257651385,-1.1328363369184242;
3.0923156612992373,-1.1516441305698408;
3.1367722057714436,-1.176583002761121;
3.1819596074681806,-1.2058248748785214;
3.2279169648690527,-1.2370066608416188;
3.2746582697758972,-1.267459126791431;
3.3221703713785677,-1.2944638756164883;
3.370413417106558,-1.3154887428676838;
3.4193235197724,-1.3283975595834236;
3.468817544215473,-1.3316614360519166;
3.518800129873071,-1.324580222138099;
3.5691728924326878,-1.3074683622898418;
3.619845049700533,-1.2817187658206524;
3.6707438831271446,-1.2496802466208787;
3.7218231970338844,-1.2143724598739214;
3.7730686157175652,-1.1791465669563441;
3.824499723134901,-1.1473969808269093;
3.8761697008955296,-1.1223423259820717;
3.9281628597016653,-1.1068124016481449;
3.9805897239870833,-1.1029707601198127;
4.033578862975515,-1.1119579749689266;
4.087264873491457,-1.1335150408746695;
4.141772874967232,-1.1657165424674085;
4.197201432419104,-1.2049844677239518;
4.253607387573233,-1.2464937827195963;
4.310996306081702,-1.2848814358006841;
4.369320421621182,-1.3150049625911404;
4.428483643882327,-1.3325847469490986;
4.488352618975395,-1.334773795355627;
4.54877357210142,-1.3207120009032032;
4.609594266396363,-1.2919111392172224;
4.670687959348237,-1.2521788419981394;
4.731973947223134,-1.2069841674504933;
