h = figure(1);
hold on
iteration_0 = [-62.055046749769765,0.1462107673882091;
-61.582812578401615,0.14118787934127222;
-61.10996334977537,0.13620477918326357;
-60.63614168384786,0.13126150020360824;
-60.16098773959378,0.12635810426881897;
-59.68413811899569,0.12149468200794393;
-59.20522475012954,0.1166713530856211;
-58.723873742033526,0.11188826656437649;
-58.23970420375193,0.10714560135838806;
-57.75232701956187,0.10244356678154455;
-57.26134357191415,0.09778240319326698;
-56.7663444030408,0.09316238274623653;
-56.26690780549209,0.08858381024089478;
-55.762598331052715,0.08404702409235905;
-55.25296520653558,0.07955239741623789;
-54.737540643845755,0.07510033924074855;
-54.215838030425815,0.07069129585354458;
-53.68734998471238,0.0663257522927691;
-53.15154625952467,0.062004233993075;
-52.60787147433429,0.0577273085987158;
-52.055742655091635,0.05349558795732957;
-51.494546557661444,0.04930973030973931;
-50.923636747890455,0.045170442693002494;
-50.342330407828484,0.04107848357609405;
-49.74990483357008,0.03703466575003734;
-49.145593585482665,0.03303985949705172;
-48.528582246125325,0.029094996066414282;
-47.89800373480403,0.02520107148829769;
-47.252933120290756,0.021359150760918048;
-46.59238186455851,0.01757037245099042;
-45.91529142021311,0.013835953752845343;
-45.220526092347,0.010157196057727157;
-44.50686506144795,0.006535491091916305;
-43.77299344733623,0.002972327690563703;
-43.017492274351234,-0.000530700716299422;
-42.238827174512934,-0.003971887817961001;
-41.43533563734517,-0.007349405236794852;
-40.60521258147139,-0.010661292325687747;
-39.746493982742834,-0.013905444815275184;
-38.85703824498464,-0.0170796021559685;
-37.93450494050223,-0.020181333374704884;
-36.97633047582017,-0.02320802123659518;
-35.9797001506118,-0.026156844466166156;
-34.94151597044131,-0.029024757740428633;
-33.85835944168055,-0.03180846911496776;
-32.72644841320067,-0.03450441448265622;
-31.541586825637577,-0.03710872858991921;
-30.29910597404615,-0.03961721204453425;
-28.99379556894869,-0.042025293637640126;
-27.619822474775617,-0.044327987165700966;
-26.17063448767937,-0.04651984176881674;
-24.63884585202176,-0.048594884591123565;
-23.01610035959636,-0.050546554305448854;
-21.29290676385948,-0.052367623712494385;
-19.45843978500765,-0.054050109204118145;
-17.500298058230918,-0.05558516434323711;
-15.404207815065607,-0.056962954122158294;
-13.153657642761942,-0.058172505565714676;
-10.72944498942043,-0.05920152917490935;
-8.109108665954174,-0.06003620416239302;
-5.266212693781342,-0.0606609183740044;
-2.169434347883081,-0.0610579510221573;
1.2186085326608742,-0.06120708258957909;
4.942881532983453,-0.06108511107393039;
9.057937050782563,-0.06066524650686214;
13.630581039683708,-0.05991634544419679;
18.743471662144472,-0.05880193242284442;
24.500049050967068,-0.057278933916903724;
31.031401457541946,-0.055296018419259595;
-64.67889407963162,7.936326099988109;
-64.35882253810318,7.927977258021743;
-64.0396179062811,7.919657361315486;
-63.72111471486953,7.911366328938457;
-63.4031491445308,7.903104093229692;
-63.085558683693584,7.894870599660838;
-62.76818179250916,7.8866658067262785;
-62.45085757146462,7.878489685860187;
-62.13342543319919,7.870342221380126;
-61.815724776096374,7.8622234104569175;
-61.497594658239876,7.854133263110647;
-61.178873470326735,7.846071802232744;
-60.85939860612547,7.838039063634224;
-60.53900612905129,7.83003509612028;
-60.21753043340417,7.822059961591508;
-59.89480389877805,7.814113735172199;
-59.570656536100834,7.806196505366228;
-59.244915623704564,7.798308374241193;
-58.917405331751944,7.7904494576416;
-58.58794633325921,7.782619885432003;
-58.256355399854684,7.774819801771169;
-57.922444980296234,7.7670493654184725;
-57.58602275963787,7.759308750073881;
-57.24689119678431,7.75159814475308;
-56.90484703800064,7.743917754199436;
-56.55968080375009,7.736267799334716;
-56.21117624601412,7.728648517750683;
-55.859109773002174,7.721060164243902;
-55.50324983788143,7.713503011396364;
-55.14335628784447,7.705977350204775;
-54.77917966948249,7.6984834907616655;
-54.41046048603682,7.691021762991802;
-54.03692840165828,7.683592517447723;
-53.658301387304306,7.676196126168611;
-53.274284802341484,7.6688329836071585;
-52.88457040528698,7.661503507629528;
-52.48883528640686,7.654208140594053;
-52.086740714080584,7.646947350514903;
-51.67793088592625,7.6397216323175705;
-51.26203157464477,7.632531509193769;
-50.838648657365226,7.62537753406412;
-50.40736651593741,7.618260291157905;
-49.96774629409667,7.611180397720167;
-49.51932399569177,7.604138505857551;
-49.06160840618586,7.597135304535553;
-48.594078817373614,7.590171521741244;
-48.116182532658506,7.583247926827157;
-47.62733212724801,7.576365333053814;
-47.12690243418653,7.569524600350412;
-46.61422722317913,7.562726638315537;
-46.088595534572015,7.555972409482356;
-45.549247625539365,7.549262932875798;
-44.99537047934865,7.542599287892604;
-44.4260928213823,7.535982618539099;
-43.84047957719205,7.529414138065973;
-43.23752569802602,7.522895134044571;
-42.61614926771954,7.516426973935111;
-41.97518379124336,7.510011111204119;
-41.31336954914485,7.503649092056338;
-40.6293438830971,7.497342562855584;
-39.92163025516715,7.491093278319794;
-39.18862589646604,7.484903110588053;
-38.42858782860187,7.4787740592721;
-37.63961700264704,7.472708262622103;
-36.819640253679424,7.466708009956842;
-35.96638971251821,7.460775755532565;
-35.07737924771849,7.454914134053351;
-34.14987742726079,7.449125978059913;
-33.18087638691052,7.443414337474508;
-32.16705586610831,7.437782501628565;
-31.10474151627705,7.432234024158625;
-29.989856392552397,7.426772751227659;
-28.817864297675456,7.421402853615764;
-27.583703342371926,7.416128863330504;
-26.281707701811744,7.410955715517781;
-24.905515058524497,7.40588879661543;
-23.447956596044943,7.400933999892102;
-21.90092560082327,7.396097789764461;
-20.25521968296265,7.391387276600489;
-18.500350257266863,7.386810304115212;
-16.62431112136261,7.382375551972984;
-14.613295568330441,7.378092656862486;
-12.451348252406826,7.373972356154274;
-10.119933666128421,7.37002665935162;
-7.5973971200028245,7.366269053994589;
-4.858285858683777,7.362714754603391;
-1.8724863864564725,7.359381005832855;
1.395882318995195,7.356287454519605;
4.989903591763109,7.353456610123317;
8.961744129021024,7.3509144197666085;
13.37515053979503,7.348690993529024;
18.308807495473694,7.346821529174796;
23.86092175996262,7.3453475051627635;
30.15558185564367,7.3443182399014955;
-64.82688636479803,15.332980512605534;
-64.65421445492639,15.321661169491309;
-64.48193516638196,15.310360167867119;
-64.3099999161363,15.299077468986662;
-64.1383605857589,15.287813038005776;
-63.96696946619184,15.276566843943714;
-63.79577920353892,15.26533885964884;
-63.62474274573644,15.254129061768698;
-63.453813289976544,15.24293743072433;
-63.28294423075732,15.231763950688842;
-63.11208910843632,15.220608609570107;
-62.94120155816639,15.209471398997604;
-62.7702352590944,15.198352314313352;
-62.59914388370446,15.187251354566898;
-62.42788104718805,15.176168522514375;
-62.25640025672366,15.165103824621594;
-62.08465486054815,15.154057271071208;
-61.91259799670168,15.143028875773936;
-61.74018254132637,15.13201865638389;
-61.567361056397644,15.12102663431803;
-61.39408573676471,15.110052834779792;
-61.220308356374204,15.099097286786938;
-61.04598021354773,15.088160023203713;
-60.87105207518029,15.077241080777348;
-60.69547411972241,15.066340500179022;
-60.51919587880392,15.055458326049372;
-60.34216617735167,15.044594607048648;
-60.16433307204771,15.03374939591164;
-59.98564378796728,15.022922749507511;
-59.80604465322864,15.01211472890467;
-59.625481031478415,15.00132539944085;
-59.44389725202692,14.990554830798555;
-59.26123653743796,14.979803097086073;
-59.07744092836654,14.969070276924244;
-58.89245120542597,14.958356453539205;
-58.70620680785257,14.947661714861354;
-58.518645748721966,14.936986153630782;
-58.329704526455245,14.926329867509432;
-58.1393180323361,14.915692959200312;
